#Layer_Color=8388736
#
#Feature symbol names
#
$0 r3.937

#
#Feature attribute names
#

#
#Layer features
#
L 0.1663783 1.7358811 0.1663783 1.8461171 0 P 0
L 0.1663783 1.7358811 0.2136223 1.7358811 0 P 0
L 0.1663783 1.8461171 0.2136223 1.8461171 0 P 0
L 0.2136223 1.7358811 0.2136223 1.8461171 0 P 0
L 0.6552668 4.3304333 0.6552668 4.4406693 0 P 0
L 0.6552668 4.3304333 0.7025108 4.3304333 0 P 0
L 0.6552668 4.4406693 0.7025108 4.4406693 0 P 0
L 0.7025108 4.3304333 0.7025108 4.4406693 0 P 0
L 0.9643777 1.7872837 0.9643777 1.8975197 0 P 0
L 0.9643777 1.7872837 1.0116217 1.7872837 0 P 0
L 0.9643777 1.8975197 1.0116217 1.8975197 0 P 0
L 1.0116217 1.7872837 1.0116217 1.8975197 0 P 0
L 1.9083777 3.8918829 1.9083777 4.0021189 0 P 0
L 1.9083777 3.8918829 1.9556217 3.8918829 0 P 0
L 1.9083777 4.0021189 1.9556217 4.0021189 0 P 0
L 1.9556217 3.8918829 1.9556217 4.0021189 0 P 0
L 2.0913667 4.0378829 2.0913667 4.1481189 0 P 0
L 2.0913667 4.0378829 2.1386107 4.0378829 0 P 0
L 2.0913667 4.1481189 2.1386107 4.1481189 0 P 0
L 2.1386107 4.0378829 2.1386107 4.1481189 0 P 0
L 2.2345474 0.3056288 2.2345474 0.3528728 0 P 0
L 2.2345474 0.3056288 2.3447834 0.3056288 0 P 0
L 2.2345474 0.3528728 2.3447834 0.3528728 0 P 0
L 2.3447834 0.3056288 2.3447834 0.3528728 0 P 0
L 2.5098811 0.2663777 2.5098811 0.3136217 0 P 0
L 2.5098811 0.2663777 2.6201171 0.2663777 0 P 0
L 2.5098811 0.3136217 2.6201171 0.3136217 0 P 0
L 2.5398811 2.3296053 2.5398811 2.3768493 0 P 0
L 2.5398811 2.3296053 2.6501171 2.3296053 0 P 0
L 2.5398811 2.3768493 2.6501171 2.3768493 0 P 0
L 2.6201171 0.2663777 2.6201171 0.3136217 0 P 0
L 2.6501171 2.3296053 2.6501171 2.3768493 0 P 0
L 2.8120869 3.7928829 2.8593309 3.7928829 0 P 0
L 2.8120869 3.9031189 2.8593309 3.9031189 0 P 0
L 3.1013777 1.447099 3.1013777 1.557335 0 P 0
L 3.1013777 1.447099 3.1486217 1.447099 0 P 0
L 3.1013777 1.557335 3.1486217 1.557335 0 P 0
L 3.1486217 1.447099 3.1486217 1.557335 0 P 0
L 3.3350358 1.2498829 3.3350358 1.3601189 0 P 0
L 3.3350358 1.2498829 3.3822798 1.2498829 0 P 0
L 3.3350358 1.3601189 3.3822798 1.3601189 0 P 0
L 3.3822798 1.2498829 3.3822798 1.3601189 0 P 0
