#Layer_Color=32768
#
#Feature symbol names
#
$0 r3.937
$1 r1.9685

#
#Feature attribute names
#

#
#Layer features
#
L 0.2311783 1.6272827 0.2311783 1.8438181 1 P 0
L 0.2311783 1.6272827 0.5225169 1.6272827 1 P 0
L 0.2311783 1.8438181 0.5225169 1.8438181 1 P 0
L 0.3571625 1.7355504 0.3965326 1.7355504 0 P 0
L 0.3768476 1.7158654 0.3768476 1.7552354 0 P 0
L 0.5225169 1.6272827 0.5225169 1.8438181 1 P 0
L 0.6611783 1.6272827 0.6611783 1.8438181 1 P 0
L 0.6611783 1.6272827 0.9525169 1.6272827 1 P 0
L 0.6611783 1.8438181 0.9525169 1.8438181 1 P 0
L 0.7202277 4.176889 0.7202277 4.3442118 1 P 0
L 0.7202277 4.176889 0.8875505 4.176889 1 P 0
L 0.7202277 4.3442118 0.8875505 4.3442118 1 P 0
L 0.784204 4.2605504 0.8235741 4.2605504 0 P 0
L 0.7871625 1.7355504 0.8265326 1.7355504 0 P 0
L 0.8038891 4.2408654 0.8038891 4.2802355 0 P 0
L 0.8068476 1.7158654 0.8068476 1.7552354 0 P 0
L 0.8875505 4.176889 0.8875505 4.3442118 1 P 0
L 0.9525169 1.6272827 0.9525169 1.8438181 1 P 0
L 1.9919575 3.8786306 1.9919575 4.0164259 1 P 0
L 1.9919575 3.8786306 2.1455008 3.8786306 1 P 0
L 1.9919575 4.0164259 2.1455008 4.0164259 1 P 0
L 2.0490441 3.9475282 2.0884142 3.9475282 0 P 0
L 2.0687291 3.9278432 2.0687291 3.9672133 0 P 0
L 2.1455008 3.8786306 2.1455008 4.0164259 1 P 0
L 2.3559165 0.2511546 2.3559165 0.3574539 1 P 0
L 2.3559165 0.2511546 2.4917433 0.2511546 1 P 0
L 2.3559165 0.3574539 2.4917433 0.3574539 1 P 0
L 2.4041449 0.3043042 2.443515 0.3043042 0 P 0
L 2.4238299 0.2846192 2.4238299 0.3239893 0 P 0
L 2.4917433 0.2511546 2.4917433 0.3574539 1 P 0
L 3.1740129 1.3238002 3.1740129 1.4891546 1 P 0
L 3.1740129 1.3238002 3.3196822 1.3238002 1 P 0
L 3.1740129 1.4891546 3.3196822 1.4891546 1 P 0
L 3.2271626 1.4064774 3.2665326 1.4064774 0 P 0
L 3.2468476 1.3867924 3.2468476 1.4261624 0 P 0
L 3.3196822 1.3238002 3.3196822 1.4891546 1 P 0
