#Layer_Color=16711935
#
#Feature symbol names
#
$0 r3.937

#
#Feature attribute names
#

#
#Layer features
#
L -0.000002 0.1968496 -0.000002 4.5275584 0 P 0
L -0.000002 0.1968496 0.0020016 0.1688348 0 P 0
L -0.000002 4.5275584 0.0020016 4.5555728 0 P 0
L 0.0020016 0.1688348 0.007972 0.1413904 0 P 0
L 0.0020016 4.5555728 0.007972 4.5830176 0 P 0
L 0.007972 0.1413904 0.0177868 0.1150752 0 P 0
L 0.007972 4.5830176 0.0177868 4.6093328 0 P 0
L 0.0177868 0.1150752 0.0312476 0.0904244 0 P 0
L 0.0177868 4.6093328 0.0312476 4.633984 0 P 0
L 0.0312476 0.0904244 0.0480788 0.06794 0 P 0
L 0.0312476 4.633984 0.0480788 4.656468 0 P 0
L 0.0480788 0.06794 0.0679388 0.04808 0 P 0
L 0.0480788 4.656468 0.0679388 4.676328 0 P 0
L 0.0679388 0.04808 0.0904232 0.0312488 0 P 0
L 0.0679388 4.676328 0.0904232 4.6931592 0 P 0
L 0.0904232 0.0312488 0.115074 0.0177884 0 P 0
L 0.0904232 4.6931592 0.115074 4.7066192 0 P 0
L 0.115074 0.0177884 0.1413892 0.0079732 0 P 0
L 0.115074 4.7066192 0.1413892 4.7164352 0 P 0
L 0.1413892 0.0079732 0.1688336 0.0020028 0 P 0
L 0.1413892 4.7164352 0.1688336 4.7224048 0 P 0
L 0.1688336 0.0020028 0.1968484 -0.0000008 0 P 0
L 0.1688336 4.7224048 0.1968484 4.7244088 0 P 0
L 0.1968484 -0.0000008 3.7401556 -0.0000008 0 P 0
L 0.1968484 4.7244088 3.7401556 4.7244088 0 P 0
L 3.7401556 -0.0000008 3.76817 0.0020028 0 P 0
L 3.7401556 4.7244088 3.76817 4.7224048 0 P 0
L 3.76817 0.0020028 3.7956148 0.0079732 0 P 0
L 3.76817 4.7224048 3.7956148 4.7164352 0 P 0
L 3.7956148 0.0079732 3.82193 0.0177884 0 P 0
L 3.7956148 4.7164352 3.82193 4.7066192 0 P 0
L 3.82193 0.0177884 3.8465812 0.0312488 0 P 0
L 3.82193 4.7066192 3.8465812 4.6931592 0 P 0
L 3.8465812 0.0312488 3.8690652 0.04808 0 P 0
L 3.8465812 4.6931592 3.8690652 4.676328 0 P 0
L 3.8690652 0.04808 3.8889252 0.06794 0 P 0
L 3.8690652 4.676328 3.8889252 4.656468 0 P 0
L 3.8889252 0.06794 3.9057564 0.0904244 0 P 0
L 3.8889252 4.656468 3.9057564 4.633984 0 P 0
L 3.9057564 0.0904244 3.9192172 0.1150752 0 P 0
L 3.9057564 4.633984 3.9192172 4.6093328 0 P 0
L 3.9192172 0.1150752 3.9290324 0.1413904 0 P 0
L 3.9192172 4.6093328 3.9290324 4.5830176 0 P 0
L 3.9290324 0.1413904 3.935002 0.1688348 0 P 0
L 3.9290324 4.5830176 3.935002 4.5555728 0 P 0
L 3.935002 0.1688348 3.937006 0.1968496 0 P 0
L 3.935002 4.5555728 3.937006 4.5275584 0 P 0
L 3.937006 0.1968496 3.937006 4.5275584 0 P 0
